0.5111069679260254
64.83654403686523
10.353496789932251
3.3769209384918213
10.983865022659302
1.3755431175231934
0.5531344413757324
0.42456769943237305
18.245267629623413
13.288916826248169
10.465382099151611
0.1308155059814453
1.2333319187164307
4.334714889526367
2.0760748386383057
22.799084901809692
36.65134286880493
10.0927255153656
104.53439617156982
3.979259490966797
4.068689584732056
3.5544962882995605
52.26408576965332
8.408311367034912
5.415814161300659
13.261719226837158
0.8730072975158691
3.1424601078033447
1.2927658557891846
2.263690233230591
2.532747507095337
3.238415241241455
2.2691261768341064
7.956298112869263
1.0201594829559326
90.10994243621826
10.95843243598938
1.9572997093200684
5.800041913986206
0.9136388301849365
1.8333156108856201
9.5343759059906
9.430406093597412
7.411938428878784
7.655354022979736
149.55117225646973
7.48477029800415
3.4440526962280273
18.95449709892273
2.1905317306518555
4.768946886062622
32.18388795852661
12.61670184135437
0.34426307678222656
3.0124313831329346
2.717430353164673
1.5619590282440186
50.40466523170471
0.35114312171936035
4.410107135772705
26.570621967315674
6.513526678085327
1.5408387184143066
4.232899904251099
1.8133435249328613
3.32930064201355
0.9831018447875977
11.181523561477661
38.284751892089844
10.515166759490967
2.8708596229553223
11.006919384002686
5.234055280685425
9.807320594787598
2.8390538692474365
2.2072341442108154
7.31954288482666
1.401348352432251
3.7096078395843506
64.26713824272156
0.8892138004302979
8.422545433044434
11.276087999343872
56.93271803855896
8.997278690338135
60.703200578689575
44.37310218811035
0.6079118251800537
0.6124062538146973
1.5657775402069092
6.3630759716033936
3.2573890686035156
3.0438108444213867
1.6642417907714844
4.313394784927368
1.0687830448150635
1.947608470916748
15.149651288986206
107.1727237701416
1.4682879447937012
