3.98153
32.7186
107.4
13.2054
56.9372
0.11161
4.97673
0.086703
25.4152
11.9684
25.329
0.013889
0.222118
1.36583
17.7671
85.263
239.197
20.9299
72.9382
0.755068
0.963304
1.32364
97.8183
35.5923
1.95231
19.799
0.05018
0.386686
0.609751
0.578609
2.28552
1.13844
1.4181
15.7887
0.806694
378.258
7.10844
2.13736
9.94589
0.664654
1.79704
6.47493
6.70293
14.1944
8.70686
139.217
14.6912
3.89513
21.1748
0.287566
1.55114
39.2935
60.0857
0.181653
8.59146
3.13774
1.61214
115.891
2.70373
3.50625
5.89215
139.078
11.3139
2.35098
46.0628
14.4178
8.40285
21.9628
88.7671
61.7941
0.896201
12.0025
19.4542
14.6234
3.23242
1.53209
19.8956
1.48954
14.3638
41.2205
3.53903
18.4882
4.71618
51.9145
4.06069
203.532
116.085
3.66618
0.041634
2.48068
3.16874
3.08844
0.599172
7.55739
60.7871
25.7543
5.09315
3.8985
99.1396
6.09663
